0.00903102 -6.27744e+066
0.0179622 0.00384884
0.0267946 -0.295262
0.0355292 -0.469436
0.044167 -0.592462
0.0527088 -0.687462
0.0611557 -0.764736
0.0695086 -0.829779
0.0777684 -0.88587
0.0859361 -0.935125
0.0940126 -0.978989
0.101999 -1.01849
0.109896 -1.05439
0.117704 -1.08727
0.125424 -1.11757
0.133058 -1.14566
0.140606 -1.17181
0.148069 -1.19627
0.155448 -1.21922
0.162743 -1.24084
0.169956 -1.26125
0.177087 -1.28058
0.184137 -1.29893
0.191107 -1.31638
0.197997 -1.33301
0.204809 -1.3489
0.211544 -1.36409
0.218201 -1.37864
0.224782 -1.39259
0.231288 -1.406
0.237719 -1.41889
0.244076 -1.43131
0.25036 -1.44327
0.256572 -1.45481
0.262711 -1.46596
0.26878 -1.47673
0.274778 -1.48716
0.280707 -1.49725
0.286566 -1.50702
0.292358 -1.5165
0.298081 -1.5257
0.303738 -1.53463
0.309329 -1.5433
0.314854 -1.55173
0.320314 -1.55993
0.325709 -1.5679
0.331041 -1.57567
0.33631 -1.58323
0.341517 -1.5906
0.346662 -1.59778
0.351745 -1.60479
0.356768 -1.61163
0.361731 -1.6183
0.366635 -1.62481
0.37148 -1.63118
0.376267 -1.63739
0.380996 -1.64347
0.385668 -1.64941
0.390284 -1.65522
0.394844 -1.66091
0.399348 -1.66647
0.403798 -1.67191
0.408193 -1.67725
0.412534 -1.68247
0.416823 -1.68758
0.421059 -1.6926
0.425242 -1.69751
0.429374 -1.70233
0.433455 -1.70705
0.437486 -1.71168
0.441466 -1.71623
0.445396 -1.72068
0.449278 -1.72506
0.453111 -1.72936
0.456896 -1.73357
0.460633 -1.73771
0.464323 -1.74178
0.467966 -1.74577
0.471563 -1.7497
0.475114 -1.75355
0.47862 -1.75734
0.482081 -1.76106
0.485498 -1.76473
0.48887 -1.76833
0.492199 -1.77187
0.495485 -1.77535
0.498728 -1.77877
0.501929 -1.78214
0.505088 -1.78545
0.508206 -1.78872
0.511283 -1.79193
0.514319 -1.79508
0.517315 -1.79819
0.520271 -1.80126
0.523187 -1.80427
0.526065 -1.80724
0.528904 -1.81016
0.531705 -1.81304
0.534467 -1.81588
0.537193 -1.81867
0.539881 -1.82142
0.542532 -1.82414
0.545147 -1.82681
0.547727 -1.82944
0.55027 -1.83204
0.552778 -1.8346
0.555251 -1.83712
0.55769 -1.83961
0.560094 -1.84206
0.562464 -1.84448
0.564801 -1.84686
0.567104 -1.84921
0.569375 -1.85153
0.571613 -1.85382
0.573819 -1.85608
0.575992 -1.8583
0.578134 -1.8605
0.580245 -1.86267
0.582325 -1.86481
0.584374 -1.86692
0.586392 -1.869
0.588381 -1.87106
0.59034 -1.87309
0.592269 -1.87509
0.594169 -1.87707
0.59604 -1.87902
0.597883 -1.88095
0.599697 -1.88285
0.601483 -1.88473
0.603241 -1.88658
0.604972 -1.88841
0.606676 -1.89022
0.608352 -1.89201
0.610002 -1.89378
0.611626 -1.89552
0.613223 -1.89724
0.614794 -1.89894
0.61634 -1.90062
0.61786 -1.90229
0.619356 -1.90393
0.620826 -1.90555
0.622272 -1.90715
0.623693 -1.90873
0.62509 -1.9103
0.626463 -1.91185
0.627813 -1.91337
0.629139 -1.91488
0.630442 -1.91638
0.631722 -1.91785
0.632979 -1.91931
0.634213 -1.92076
0.635426 -1.92218
0.636616 -1.92359
0.637784 -1.92499
0.638931 -1.92637
0.640056 -1.92773
0.64116 -1.92908
0.642243 -1.93041
0.643306 -1.93173
0.644347 -1.93303
0.645369 -1.93432
0.64637 -1.9356
0.647351 -1.93686
0.648312 -1.93811
0.649254 -1.93934
0.650176 -1.94056
0.65108 -1.94177
0.651964 -1.94297
0.652829 -1.94415
0.653676 -1.94532
0.654504 -1.94648
0.655314 -1.94763
0.656106 -1.94876
0.65688 -1.94988
0.657636 -1.95099
0.658375 -1.95209
0.659097 -1.95318
0.659801 -1.95425
0.660488 -1.95532
0.661158 -1.95637
0.661812 -1.95742
0.662449 -1.95845
0.66307 -1.95947
0.663674 -1.96049
0.664263 -1.96149
0.664835 -1.96248
0.665392 -1.96346
0.665933 -1.96444
0.666459 -1.9654
0.66697 -1.96635
0.667466 -1.9673
0.667946 -1.96823
0.668412 -1.96916
0.668863 -1.97007
0.6693 -1.97098
0.669722 -1.97188
0.67013 -1.97277
0.670524 -1.97365
0.670904 -1.97453
0.67127 -1.97539
0.671623 -1.97625
0.671961 -1.9771
0.672287 -1.97794
0.672599 -1.97877
0.672899 -1.9796
0.673185 -1.98042
0.673458 -1.98123
0.673719 -1.98203
0.673966 -1.98283
0.674202 -1.98361
0.674425 -1.98439
0.674636 -1.98517
0.674834 -1.98594
0.675021 -1.9867
0.675196 -1.98745
0.675359 -1.98819
0.67551 -1.98893
0.67565 -1.98967
0.675779 -1.99039
0.675896 -1.99111
0.676002 -1.99183
0.676097 -1.99253
0.67618 -1.99324
0.676254 -1.99393
0.676316 -1.99462
0.676367 -1.9953
0.676408 -1.99598
0.676439 -1.99665
0.676459 -1.99732
0.676469 -1.99798
0.676469 -1.99863
0.676459 -1.99928
0.676439 -1.99992
0.676409 -2.00056
0.67637 -2.00119
0.676321 -2.00182
0.676262 -2.00244
0.676194 -2.00306
0.676116 -2.00367
0.676029 -2.00428
0.675933 -2.00488
0.675828 -2.00548
0.675714 -2.00607
0.675591 -2.00666
0.67546 -2.00724
0.675319 -2.00782
0.67517 -2.00839
0.675012 -2.00896
0.674846 -2.00952
0.674672 -2.01008
0.674489 -2.01064
0.674298 -2.01119
0.674099 -2.01174
0.673892 -2.01228
0.673676 -2.01282
0.673453 -2.01335
0.673223 -2.01388
0.672984 -2.01441
0.672738 -2.01493
0.672484 -2.01545
0.672223 -2.01596
0.671954 -2.01647
0.671678 -2.01698
0.671394 -2.01748
0.671104 -2.01798
0.670806 -2.01847
0.670501 -2.01897
0.670189 -2.01945
0.669871 -2.01994
0.669545 -2.02042
0.669212 -2.0209
0.668873 -2.02137
0.668528 -2.02184
0.668175 -2.02231
0.667816 -2.02277
0.667451 -2.02323
0.667079 -2.02369
0.666701 -2.02415
0.666317 -2.0246
0.665926 -2.02505
0.665529 -2.02549
0.665126 -2.02593
0.664718 -2.02637
0.664303 -2.02681
0.663882 -2.02724
0.663456 -2.02767
0.663023 -2.0281
0.662585 -2.02852
0.662141 -2.02895
0.661692 -2.02937
0.661237 -2.02978
0.660777 -2.0302
0.660311 -2.03061
0.659839 -2.03101
0.659363 -2.03142
0.658881 -2.03182
0.658394 -2.03222
0.657901 -2.03262
0.657404 -2.03302
0.656901 -2.03341
0.656394 -2.0338
0.655881 -2.03419
0.655363 -2.03458
0.654841 -2.03496
0.654314 -2.03534
0.653782 -2.03572
0.653245 -2.0361
0.652703 -2.03647
0.652157 -2.03685
0.651607 -2.03722
0.651051 -2.03759
0.650492 -2.03795
0.649927 -2.03832
0.649359 -2.03868
0.648786 -2.03904
0.648208 -2.0394
0.647626 -2.03975
0.647041 -2.04011
0.64645 -2.04046
0.645856 -2.04081
0.645258 -2.04116
0.644655 -2.0415
0.644049 -2.04185
0.643438 -2.04219
0.642824 -2.04253
0.642205 -2.04287
0.641583 -2.04321
0.640957 -2.04355
0.640327 -2.04388
0.639693 -2.04421
0.639056 -2.04454
0.638415 -2.04487
0.63777 -2.0452
0.637121 -2.04553
0.636469 -2.04585
0.635814 -2.04617
0.635155 -2.0465
0.634492 -2.04682
0.633826 -2.04713
0.633157 -2.04745
0.632484 -2.04777
0.631808 -2.04808
0.631129 -2.04839
0.630446 -2.04871
0.62976 -2.04902
0.629071 -2.04932
0.628378 -2.04963
0.627683 -2.04994
0.626984 -2.05024
0.626283 -2.05055
0.625578 -2.05085
0.62487 -2.05115
0.624159 -2.05145
0.623446 -2.05175
0.622729 -2.05204
0.622009 -2.05234
0.621287 -2.05264
0.620562 -2.05293
0.619834 -2.05322
0.619103 -2.05351
0.618369 -2.05381
0.617633 -2.0541
0.616894 -2.05438
0.616152 -2.05467
0.615407 -2.05496
0.61466 -2.05524
0.613911 -2.05553
0.613158 -2.05581
0.612404 -2.05609
0.611646 -2.05638
0.610886 -2.05666
0.610124 -2.05694
0.609359 -2.05722
0.608592 -2.05749
0.607823 -2.05777
0.607051 -2.05805
0.606276 -2.05832
0.6055 -2.0586
0.604721 -2.05887
0.603939 -2.05915
0.603156 -2.05942
0.60237 -2.05969
0.601582 -2.05996
0.600792 -2.06023
0.6 -2.0605
0.599205 -2.06077
0.598408 -2.06104
0.59761 -2.06131
0.596809 -2.06157
0.596006 -2.06184
0.595201 -2.0621
0.594394 -2.06237
0.593585 -2.06263
0.592774 -2.0629
0.591961 -2.06316
0.591146 -2.06342
0.590329 -2.06368
0.589511 -2.06395
0.58869 -2.06421
0.587867 -2.06447
0.587043 -2.06473
0.586217 -2.06499
0.585389 -2.06525
0.584559 -2.0655
0.583728 -2.06576
0.582894 -2.06602
0.582059 -2.06628
0.581222 -2.06653
0.580384 -2.06679
0.579544 -2.06705
0.578702 -2.0673
0.577858 -2.06756
0.577013 -2.06781
0.576166 -2.06807
0.575318 -2.06832
0.574468 -2.06858
0.573616 -2.06883
0.572763 -2.06908
0.571908 -2.06934
0.571052 -2.06959
0.570194 -2.06984
0.569335 -2.07009
0.568474 -2.07035
0.567612 -2.0706
0.566748 -2.07085
0.565883 -2.0711
0.565016 -2.07135
0.564148 -2.0716
0.563279 -2.07185
0.562408 -2.0721
0.561536 -2.07235
0.560662 -2.07261
0.559787 -2.07286
0.558911 -2.07311
0.558034 -2.07336
0.557155 -2.07361
0.556275 -2.07386
0.555393 -2.07411
0.554511 -2.07435
0.553627 -2.0746
0.552742 -2.07485
0.551855 -2.0751
0.550968 -2.07535
0.550079 -2.0756
0.549189 -2.07585
0.548298 -2.0761
0.547405 -2.07635
0.546512 -2.0766
0.545617 -2.07685
0.544721 -2.0771
0.543824 -2.07735
0.542926 -2.0776
0.542027 -2.07785
0.541127 -2.0781
0.540225 -2.07835
0.539323 -2.0786
0.53842 -2.07885
0.537515 -2.0791
0.536609 -2.07935
0.535703 -2.0796
0.534795 -2.07985
0.533887 -2.0801
0.532977 -2.08035
0.532067 -2.08061
0.531155 -2.08086
0.530242 -2.08111
0.529329 -2.08136
0.528414 -2.08161
0.527499 -2.08187
0.526583 -2.08212
0.525666 -2.08237
0.524747 -2.08262
0.523828 -2.08288
0.522908 -2.08313
0.521988 -2.08339
0.521066 -2.08364
0.520143 -2.08389
0.51922 -2.08415
0.518296 -2.08441
0.517371 -2.08466
0.516445 -2.08492
0.515518 -2.08517
0.51459 -2.08543
0.513662 -2.08569
0.512733 -2.08595
0.511803 -2.0862
0.510872 -2.08646
0.50994 -2.08672
0.509008 -2.08698
0.508075 -2.08724
0.507141 -2.0875
0.506206 -2.08776
0.505271 -2.08802
0.504335 -2.08828
0.503398 -2.08855
0.502461 -2.08881
0.501522 -2.08907
0.500584 -2.08934
0.499644 -2.0896
0.498704 -2.08986
0.497763 -2.09013
0.496821 -2.0904
0.495879 -2.09066
0.494936 -2.09093
0.493992 -2.0912
0.493048 -2.09147
0.492103 -2.09173
0.491157 -2.092
0.490211 -2.09227
0.489264 -2.09254
0.488317 -2.09282
0.487369 -2.09309
0.48642 -2.09336
0.485471 -2.09363
0.484521 -2.09391
0.48357 -2.09418
0.482619 -2.09446
0.481668 -2.09474
0.480716 -2.09501
0.479763 -2.09529
0.478809 -2.09557
0.477856 -2.09585
0.476901 -2.09613
0.475946 -2.09641
0.474991 -2.09669
0.474035 -2.09698
0.473078 -2.09726
0.472121 -2.09754
0.471164 -2.09783
0.470206 -2.09812
0.469247 -2.0984
0.468288 -2.09869
0.467328 -2.09898
0.466368 -2.09927
0.465408 -2.09956
0.464447 -2.09985
0.463485 -2.10014
0.462523 -2.10044
0.461561 -2.10073
0.460598 -2.10103
0.459634 -2.10132
0.45867 -2.10162
0.457706 -2.10192
0.456741 -2.10222
0.455776 -2.10252
0.454811 -2.10282
0.453845 -2.10313
0.452878 -2.10343
0.451911 -2.10373
0.450944 -2.10404
0.449976 -2.10435
0.449008 -2.10466
0.44804 -2.10497
0.447071 -2.10528
0.446101 -2.10559
0.445132 -2.1059
0.444161 -2.10622
0.443191 -2.10653
0.44222 -2.10685
0.441249 -2.10717
0.440277 -2.10748
0.439305 -2.10781
0.438333 -2.10813
0.43736 -2.10845
0.436387 -2.10877
0.435413 -2.1091
0.43444 -2.10943
0.433465 -2.10976
0.432491 -2.11009
0.431516 -2.11042
0.430541 -2.11075
0.429565 -2.11108
0.428589 -2.11142
0.427613 -2.11176
0.426637 -2.11209
0.42566 -2.11243
0.424683 -2.11278
0.423705 -2.11312
0.422728 -2.11346
0.421749 -2.11381
0.420771 -2.11416
0.419792 -2.11451
0.418813 -2.11486
0.417834 -2.11521
0.416854 -2.11556
0.415874 -2.11592
0.414894 -2.11628
0.413914 -2.11663
0.412933 -2.11699
0.411952 -2.11736
0.410971 -2.11772
0.409989 -2.11809
0.409007 -2.11845
0.408025 -2.11882
0.407043 -2.1192
0.40606 -2.11957
0.405077 -2.11994
0.404094 -2.12032
0.403111 -2.1207
0.402127 -2.12108
0.401143 -2.12146
0.400159 -2.12185
0.399174 -2.12223
0.39819 -2.12262
0.397205 -2.12301
0.39622 -2.1234
0.395234 -2.1238
0.394249 -2.12419
0.393263 -2.12459
0.392277 -2.12499
0.39129 -2.1254
0.390304 -2.1258
0.389317 -2.12621
0.38833 -2.12662
0.387343 -2.12703
0.386355 -2.12744
0.385368 -2.12786
0.38438 -2.12828
0.383392 -2.1287
0.382404 -2.12912
0.381415 -2.12955
0.380426 -2.12997
0.379437 -2.1304
0.378448 -2.13084
0.377459 -2.13127
0.37647 -2.13171
0.37548 -2.13215
0.37449 -2.13259
0.3735 -2.13304
0.37251 -2.13349
0.371519 -2.13394
0.370529 -2.13439
0.369538 -2.13485
0.368547 -2.1353
0.367556 -2.13576
0.366565 -2.13623
0.365573 -2.1367
0.364581 -2.13717
0.36359 -2.13764
0.362598 -2.13811
0.361605 -2.13859
0.360613 -2.13907
0.35962 -2.13956
0.358628 -2.14004
0.357635 -2.14053
0.356642 -2.14103
0.355649 -2.14152
0.354655 -2.14202
0.353662 -2.14253
0.352668 -2.14303
0.351675 -2.14354
0.350681 -2.14406
0.349687 -2.14457
0.348692 -2.14509
0.347698 -2.14561
0.346703 -2.14614
0.345709 -2.14667
0.344714 -2.1472
0.343719 -2.14774
0.342724 -2.14828
0.341729 -2.14882
0.340733 -2.14937
0.339738 -2.14992
0.338742 -2.15048
0.337746 -2.15104
0.33675 -2.1516
0.335754 -2.15217
0.334758 -2.15274
0.333762 -2.15331
0.332766 -2.15389
0.331769 -2.15447
0.330772 -2.15506
0.329776 -2.15565
0.328779 -2.15625
0.327782 -2.15685
0.326785 -2.15745
0.325787 -2.15806
0.32479 -2.15867
0.323792 -2.15929
0.322795 -2.15991
0.321797 -2.16053
0.320799 -2.16117
0.319801 -2.1618
0.318803 -2.16244
0.317805 -2.16309
0.316807 -2.16374
0.315808 -2.16439
0.31481 -2.16505
0.313811 -2.16572
0.312813 -2.16639
0.311814 -2.16706
0.310815 -2.16774
0.309816 -2.16843
0.308817 -2.16912
0.307818 -2.16982
0.306818 -2.17052
0.305819 -2.17123
0.30482 -2.17194
0.30382 -2.17266
0.30282 -2.17338
0.301821 -2.17412
0.300821 -2.17485
0.299821 -2.17559
0.298821 -2.17634
0.297821 -2.1771
0.29682 -2.17786
0.29582 -2.17863
0.29482 -2.1794
0.293819 -2.18018
0.292819 -2.18097
0.291818 -2.18176
0.290817 -2.18257
0.289817 -2.18337
0.288816 -2.18419
0.287815 -2.18501
0.286814 -2.18584
0.285813 -2.18667
0.284811 -2.18752
0.28381 -2.18837
0.282809 -2.18923
0.281807 -2.19009
0.280806 -2.19097
0.279804 -2.19185
0.278803 -2.19274
0.277801 -2.19364
0.276799 -2.19454
0.275797 -2.19546
0.274795 -2.19638
0.273793 -2.19731
0.272791 -2.19825
0.271789 -2.1992
0.270787 -2.20016
0.269785 -2.20113
0.268782 -2.20211
0.26778 -2.20309
0.266777 -2.20409
0.265775 -2.20509
0.264772 -2.20611
0.26377 -2.20713
0.262767 -2.20817
0.261764 -2.20922
0.260761 -2.21027
0.259758 -2.21134
0.258755 -2.21242
0.257752 -2.2135
0.256749 -2.2146
0.255746 -2.21571
0.254743 -2.21684
0.25374 -2.21797
0.252736 -2.21912
0.251733 -2.22028
0.250729 -2.22145
0.249726 -2.22263
0.248722 -2.22382
0.247719 -2.22503
0.246715 -2.22625
0.245711 -2.22749
0.244708 -2.22874
0.243704 -2.23
0.2427 -2.23128
0.241696 -2.23257
0.240692 -2.23387
0.239688 -2.23519
0.238684 -2.23653
0.23768 -2.23788
0.236676 -2.23924
0.235672 -2.24062
0.234667 -2.24202
0.233663 -2.24344
0.232659 -2.24487
0.231654 -2.24631
0.23065 -2.24778
0.229645 -2.24926
0.228641 -2.25076
0.227636 -2.25228
0.226632 -2.25382
0.225627 -2.25538
0.224622 -2.25696
0.223617 -2.25855
0.222613 -2.26017
0.221608 -2.26181
0.220603 -2.26347
0.219598 -2.26515
0.218593 -2.26685
0.217588 -2.26857
0.216583 -2.27032
0.215578 -2.27209
0.214573 -2.27388
0.213568 -2.2757
0.212563 -2.27755
0.211557 -2.27941
0.210552 -2.28131
0.209547 -2.28323
0.208541 -2.28518
0.207536 -2.28715
0.206531 -2.28916
0.205525 -2.29119
0.20452 -2.29325
0.203514 -2.29534
0.202509 -2.29747
0.201503 -2.29962
0.200497 -2.30181
0.199492 -2.30403
0.198486 -2.30628
0.19748 -2.30857
0.196475 -2.3109
0.195469 -2.31326
0.194463 -2.31566
0.193457 -2.31809
0.192451 -2.32057
0.191445 -2.32308
0.19044 -2.32564
0.189434 -2.32824
0.188428 -2.33088
0.187422 -2.33357
0.186415 -2.3363
0.185409 -2.33908
0.184403 -2.34191
0.183397 -2.34479
0.182391 -2.34772
0.181385 -2.3507
0.180379 -2.35374
0.179372 -2.35683
0.178366 -2.35998
0.17736 -2.36318
0.176353 -2.36645
0.175347 -2.36978
0.174341 -2.37318
0.173334 -2.37664
0.172328 -2.38017
0.171321 -2.38377
0.170315 -2.38744
0.169308 -2.39119
0.168302 -2.39501
0.167295 -2.39892
0.166289 -2.40291
0.165282 -2.40698
0.164275 -2.41115
0.163269 -2.4154
0.162262 -2.41975
0.161255 -2.4242
0.160249 -2.42876
0.159242 -2.43341
0.158235 -2.43818
0.157228 -2.44307
0.156222 -2.44807
0.155215 -2.4532
0.154208 -2.45845
0.153201 -2.46384
0.152194 -2.46937
0.151187 -2.47505
0.15018 -2.48087
0.149173 -2.48686
0.148166 -2.49301
0.147159 -2.49934
0.146152 -2.50585
0.145145 -2.51255
0.144138 -2.51945
0.143131 -2.52655
0.142124 -2.53388
0.141117 -2.54145
0.14011 -2.54925
0.139103 -2.55732
0.138095 -2.56566
0.137088 -2.57428
0.136081 -2.58322
0.135074 -2.59247
0.134067 -2.60207
0.133059 -2.61204
0.132052 -2.6224
0.131045 -2.63317
0.130038 -2.64439
0.12903 -2.65609
0.128023 -2.6683
0.127015 -2.68107
0.126008 -2.69443
0.125001 -2.70844
0.123993 -2.72316
0.122986 -2.73865
0.121978 -2.75497
0.120971 -2.77222
0.119964 -2.79049
0.118956 -2.80989
0.117949 -2.83055
0.116941 -2.85262
0.115934 -2.87628
0.114926 -2.90176
0.113918 -2.92931
0.112911 -2.95927
0.111903 -2.99205
0.110896 -3.02817
0.109888 -3.06832
0.10888 -3.11342
0.107873 -3.16474
0.106865 -3.22411
0.105858 -3.29431
0.10485 -3.37985
0.103842 -3.4888
0.102834 -3.63796
0.101827 -3.87292
0.100819 -4.44472
0.0998113 -4.193
0.0988035 -3.77943
0.0977958 -3.56813
0.096788 -3.42412
0.0957802 -3.31417
0.0947724 -3.22484
0.0937646 -3.14934
0.0927568 -3.08377
0.0917489 -3.02564
0.0907411 -2.97333
0.0897332 -2.92566
0.0887254 -2.88179
0.0877175 -2.84109
0.0867096 -2.80306
0.0857017 -2.76731
0.0846938 -2.73353
0.0836859 -2.70148
0.0826779 -2.67093
0.08167 -2.64172
0.080662 -2.61369
0.0796541 -2.58673
0.0786461 -2.56072
0.0776381 -2.53557
0.0766301 -2.5112
0.0756221 -2.48753
0.0746141 -2.4645
0.0736061 -2.44205
0.072598 -2.42014
0.07159 -2.39872
0.070582 -2.37774
0.0695739 -2.35717
0.0685658 -2.33697
0.0675578 -2.31712
0.0665497 -2.29758
0.0655416 -2.27833
0.0645335 -2.25934
0.0635254 -2.24059
0.0625172 -2.22206
0.0615091 -2.20372
0.060501 -2.18557
0.0594928 -2.16757
0.0584847 -2.14971
0.0574765 -2.13198
0.0564683 -2.11436
0.0554601 -2.09684
0.054452 -2.07939
0.0534438 -2.06201
0.0524356 -2.04468
0.0514274 -2.02739
0.0504191 -2.01012
0.0494109 -1.99286
0.0484027 -1.97559
0.0473944 -1.95831
0.0463862 -1.94099
0.0453779 -1.92363
0.0443697 -1.90621
0.0433614 -1.88872
0.0423531 -1.87113
0.0413448 -1.85345
0.0403365 -1.83564
0.0393283 -1.81769
0.0383199 -1.7996
0.0373116 -1.78133
0.0363033 -1.76287
0.035295 -1.7442
0.0342867 -1.7253
0.0332783 -1.70614
0.03227 -1.68671
0.0312616 -1.66697
0.0302533 -1.64691
0.0292449 -1.62647
0.0282366 -1.60565
0.0272282 -1.58439
0.0262198 -1.56266
0.0252114 -1.54041
0.024203 -1.5176
0.0231946 -1.49417
0.0221862 -1.47005
0.0211778 -1.44519
0.0201694 -1.4195
0.019161 -1.39289
0.0181525 -1.36527
0.0171441 -1.3365
0.0161357 -1.30645
0.0151272 -1.27496
0.0141188 -1.24183
0.0131103 -1.20683
0.0121019 -1.16966
0.0110934 -1.12997
0.010085 -1.08731
0.00907648 -1.04111
0.008068 -0.990583
0.00705952 -0.934718
0.00605103 -0.872065
0.00504254 -0.800505
0.00403404 -0.71676
0.00302554 -0.615334
0.00201703 -0.485925
0.00100852 -0.30541
